100
4
1332
4
9583
3
616
10
1029384756
100
6776667776667776777777766666667776677676777667767667776666677676667677766677677677676777767776766677
3
112
93
000012210220101220121002120011222012200000002112001201111010210200111111021211001010002100211
95
77778877788877877787888788778888888888887877887778778778888788778878877887778787887878788787778
99
967567658787788956879568565858898885566597899689595765596675596877668969589977699695855596555965879
3
001
98
31551412252303043401220122454153050052441411410004510121055233122254342305355012310341521133300445
93
888999898888988899888889989899998898988889999899988998999888889889988898889898889998998989898
94
6436544432465464324462655462365323323342562526222336332636235364334434444553426262256343643242
91
7487744877467844848777465647876567654768564785846545565765444565675676464675554648467576666
92
03400515252240455166121611256342624660256603463656631634642015206203360566214515332343536440
99
564445656465466466445556456445456464455655666454456664666555556466665644566464554656556456464544544
95
98899889888899899899888899889999988988988999888888988899989988889999999898998898889999898888898
92
21173631762632341262216632753531611331162751562351257556251116615576161676573535612237457372
96
453465343415335663164264433644114446324256434416445262534342655625163151154216261132315665136655
100
8877567554498588648986959469648967748696557576645787686449546866578788994596656675487678974686968999
100
3314135876734797926983813675352131535897316345934443615493745625559869123125188978734659141698344798
90
322344332244444234244322423432324424323242444333243424434233233242432324242323444343243224
100
0000000000111111111122222222223333333333444444444444444444443333333333222222222211111111110000000000
100
8417601328984574987438247644639104282583894996879286396928648075503750667346578591743238022949135703
92
01000101100100111001010001101001110100001000110010001010011100001110010100000011000101011100
100
9687786789896758577756677879555797657578967699955599755679575565889589896586585686656799888889897969
98
44486456626736478835774264374255654642285425483822622267546378247246886875335624565347643282648385
91
9999897897987797998789899879797978978898788889797978879778977977998978797998777977787779879
100
0987654321098765432109876543210987654321098765432109876543210987654321098765432109876543210987654321
92
86485484547855788644665644887546487775886746845785575487578557866647647578465457667678866754
97
7496989765875696776778577868476697954789597544955698865659559755954798954456668746994597854484975
95
44353435545335455545333553554344354353553553435545433345345535435533543445555333433344333533353
99
221111202110222022220010010212021111200102202001201112211200211000012021101221212002111220110221122
98
55547675475467557645765667475747544747676665467675575575574466756676677657764775554564677665577764
95
87557856847586876857576468455585874767865456857654768466867487887887457567678484844774667447784
99
779765998579858755555566867877959995568679585588968975667678559878786976566756866866768698556589995
94
6488767575684846838755536338886735635784884463884343765777463553345365745647754757644366844853
92
55565555556566656666656566555656565556565665565565565565565565665656666665656656655656566666
3
110
93
444434444333333343333344434444344433343344443333334443433444433333433343334433334344334344333
94
1146343445542105106332436504504521340141356340020215626516053325434116426150505001566032514231
92
68866447944998659884789485657865588885594999864996575648996855875949667478789968698479499499
91
3751579422264184725187152228436942686172944615713399582545869271394856419854571656614449411
92
11100011110101011100111101010101110101111110000001000001001110111101010000111101000011111000
100
0123456789012345678901234567890123456789012345678901234567890123456789012345678901234567890123456789
97
7664766776476774575445774774456675754655654544656444746754454464575757577744767676666757554745746
100
4793699223161411661232734911348648344795241438172263669269637728873274322935868751939917885961728923
97
3112312123212222213313133122221312131331123321131133231332233131121232223233121322233312132311311
93
945894445838459679873663376643399738899999335995793759599483454989494448673738543749553973648
98
68655558556855585688755757568866755667565676875868666676575886858768868575686755585587767785677776
97
5283737652524727293945752537575526797289456725765354853565536732353973326952449728437345433924265
3
011
99
765646577646666644647547757675746565565547644657455745545547667575764656655744474764544445777475474
100
0000000000000000000000000000000000000000000000000000000000000000000000000000000000000000000000000000
91
7473333535573448367636747543753374868584363857476786547377874856364344746564456565437787637
93
555434545553453433533445335353533544433555353545455333534453554534344434434354333543353454553
90
665455546664654666566655566665545545454665644544464564665566656564566556456554464554665554
93
524235323544433334523332344544332245444234234323522353323525542353222255222552532243335335333
94
7799887987888779799877979789988788897778778887977978977798787787799897777777999889977899989777
100
9999999999999999999999999999999999999999999999999999999999999999999999999999999999999999999999999999
99
898867786976888799698989889786678896988977778789767866866887867667889687687899868668867896897778787
91
3232333223223323222233233223222332232332323323222333323222333333223223222333333222322223232
96
608715713223410130715472539673598840510619050296464655763040573023461177465276932978691370761548
100
5574446556664554464565577744747657774777645456765547566744656475647646656767747747564576555777755755
2
01
5
19091
3
211
99
884667683877783668488533648737578336436344668673346686787377757387544676745434648458544583444476776
7
9000555
90
324444444535433534455245434534332423552352225453355242553355533522442442532323235235233522
96
313117772348691765681711389899292356236644375984847177773534253762785147931971836336339437473488
95
57188822897379759691319635888421456842658648935185889412889815871361559475234869551243941623639
95
65764577374677463556754677774664357767636676643667643355463645646436734355457447563344745443467
99
423323442223224443424433332232422343443342343432222323244334242242244322343342422323424344234444423
98
21156166146253212432311162163533524435661415645412632616361535654451336636521353341211125133342263
93
566665555655665565566666565556656665556656566556566655665555555566656556665565566655665656566
94
6056487843247200707386311461765648823216435104642672320115114213576205243013040320147866213243
100
5825344631229545845868611811994982718177664412691436269638715164393288977315259287649641927568743357
98
44455544555444545555554445554545455544445554554444554445445444445454554454545454455455545544445555
95
53462426425626333454363532233355256636336466644665446624642263436242545253443324635432323542663
96
212111212212221112211211122111222121122122221112122221221111122122221211222111122112122211122121
92
11121122112211221222212221122111121111211212212121112212211222222221121222211212212121111112
94
7913743496444236526871826962123326792795623244349736585232458457896381539714713365488535875582
100
2572286484351236878378173384356158541821385272617655827585358336362834118757652231721132251313226563
90
355522155542451234525224224411241441524153513452424312233113445513235145241414545411321525
2
10
98
94578667577979466947489796688897899544764666557984477485464485856458997564886765569568949774876946
100
4566667657545655754476574667466454476746766665477574647545466446446555475567654565554544777565755674
95
76554657864874666774764756865548456656478747574445445767565687664856685648477455586484565448688
93
353255223255323433432333334443454435324252242535432554523522323533332432232344432254542255344
93
353465564535463345266463263254262522332526444433326632655253534235324435646424336235223233456
2
00
97
4124123131032001133444042033311142104020402304221431434431441022124100144014323020034343022022431
94
1250235414104154114325501505413354221021435340311115205320340012420413112543423005512033331324
98
87788898787799978978788978998899877978989988878878999987778997979779997877998887978779897997797798
92
89786776877969987767966996899666866899767798777678687988879969667779679769676777796867787696
96
046357282496748293026541820812834782361915700712042334529579258017548549121824296661393182241118
91
6878986659678545849986848555986796686554487747577485489545488567758445869995757658656788494
15
222229888888811
96
544544544455444455554454555545455554454455544454545444544555554455554445445455444544454444455445
