100
4
1332
4
9583
3
616
10
1029384756
3
211
96
444333424342344342224244423324443322323242322222432442343242333243223423234223424443233334223322
97
4047260455476110177504074427477545644626532570645510102305522754604077326344364530705531262051044
91
4664474746477655654664565555556745776465754546644557465444545574775754746554656447444477764
100
2221341142132313124321144121112213412141214344314411124221441131243333411122133221131141142134444313
94
9898888998998898898989889999898898898999899888998999989988999999899998889888898988889998989888
2
01
94
7878876687786699989996667668996898788877766679868788878896787877777998667667787688798879877986
98
14454434142355123163133252436343533634161544641115556146325515464253365155566266443563526616522542
92
99989888999888989999998988988898898989888899988889899888998998988889999899888988899899898899
95
65566666655656566555655656656556666555565666555565565666666565656656666556665665556666556555655
91
0111220220200212212022111121020010000021101222210021112020101111001202110000201210102122222
100
2322323323232232222233323223223333322232332223223323323232332333233323223332332233232222233222322223
93
026851344004484631164187151050305580608207265125437700414523388304606516334133263707704670538
100
4433210213124324221202212044201221201133103413010402023404123401033010144144044024022343311212100422
97
5477756556758588746876775487666475554748487867577475855554867878848467648866556554558464847685767
90
101111000001110000010001011000011100011000100110100011100101110011001111110101011011010101
94
6215369344822771792253538533464553783976681784976976738367174838167944488356173219669111192933
3
110
96
696706378640576470505482908142657275238890930137706949292864621822345661160864015241557679442108
95
77677776766776777666766666667667777677666666777666767667667676676666766666676767676776766667666
99
677668583437433653774564876864383846655834786385868563483683453547437666888453835833636558465885634
92
65687778568758558855588857677657556556875587565558557557788678788767857865658867775757588787
100
3954565356657679995947733568974737877975355875875374458563449559395769533684736693793588979679475994
92
34433243232342322342433444422434242344422424433323432422433333222223222334233234424324422234
92
25432327833888148966591322283881245726166675127755832164922829531335181275316997134189652437
97
3537182783315161531421555537475552362365165577288318388274616456781426764234244825312221455357624
92
66667876688667676887776876786667868878786877668766887888667666667867787787676887767877877666
96
996324153174179379377843272966413154615453683728981875355839196318241312389466245748976118359569
99
675767757676565777777765776767666667657575676576765556777567776577766666776567756775566756766567766
100
0000000000000000000000000000000000000000000000000000000000000000000000000000000000000000000000000000
93
997888988987978788977798779987789777797997797897998878998877787978999887897888788898798999778
94
7766334484826624535745878637554686873763658658845343245845222557666378458476435536366558783886
94
6645444364555446565444653663455535563646456466556444555336645634545335334455344554364464356665
93
211212221212211112211122211221111111221222112122211221112111212121222111111222211111212222221
98
55456657657556747556444654556766456756747645674767454645544666755667557666557547646674564477567747
90
575666757556675667575777666775755776776755566656657576656576766755556777667756665575757565
90
131846263745278247586524641163144552763411272331868778213784166231143782178121582642783313
91
4233315531551053215124323351112503134214255002240141252511042142541105153023105101141305455
91
9988899998999888988899998998988898889988899999889889989989989898888988998899999898889889889
3
001
90
745458688456854696544669857857498458949866878694756784799446584676468747657797587777978844
92
12121212211221112222111122222221221111111221122221221211122111121211122112212112111221221221
100
0000000000111111111122222222223333333333444444444444444444443333333333222222222211111111110000000000
94
1251345454431221553521112434331423532541433553233341145155331133215213124325442433412311112214
91
3365536443466664644535465365335335366445643335346654566435334446465653436333345444455633366
2
00
94
3346566663334655363543343344644634634553335456633536466663643645434444644536443565433663536663
93
010111000011111000000101000000001000110110000010001100101011010010011011011011011000000011011
100
4734355256252164555544581813363412634487727761362251461756488844578563282344648781787378784635618326
7
9000555
100
5453545544544434435434545445554535453453435444455355354453344345334553444545455344453334455335334535
98
76667675567557557565666577667776677655776777675676765755557577566556557576557676755577667667675656
3
112
97
8787877877777877877788887778877788787887887787888788878878777777777777778778778888887878877888788
90
433564436543457344575756333766454335454333736477334354344645777566634676575765463576347433
91
7877778878778878788787777788887777788888877877878788788888788877887788788878887877788788878
100
0987654321098765432109876543210987654321098765432109876543210987654321098765432109876543210987654321
90
767577777886576777565858686587777668656876765587888757876656766788755886786876875767778875
95
23243323233234334342433224244323243424334422224343242323343322442334243222333432233323434243234
90
877787787777777887788887877887887878878877778888888877888877877878887878887778788888888787
100
9999999999999999999999999999999999999999999999999999999999999999999999999999999999999999999999999999
99
231131332167132445176131757631276276237425242566476333134050147035006630576023437366525104133422351
93
624753156271155357881587575182365522856127816572684846364686764461233411531138474513851137637
92
77456575546755844778855456458544748847558688586558484887874487677466758475445566576587486888
99
512045441113512144324525110462134656260610145241221510623512224331412115034434555654265535056523522
90
247453224598638658397344456824736824674824253268427427487353994889856642997334488935864869
100
4121987776198384351837761368293716672996954614938178532325193353839711738363241834886842844485798782
15
222229888888811
99
220001211201110212010001212110212201010022221120112121211220012101120101002211120000001021022222222
100
1337197189387819887722375476931525528822249331628336394595789929572259298961458787757672936676682117
92
10222101000002021022120202000100210200210110221221111012011020000222122011212020200120210112
90
348573633759675546877543753748553837753756777557339993698973837646553389993956795799397699
97
0221120012110100011001112200101200202222000221212211110121202202102101002221121211011001220002021
2
10
94
8666877687667886768776868766786868668766888878887768776678688676688686868777786888786686866877
3
011
100
7997899798778696776677999799769898688876796688887666689769888666767977886969897976678698797969667888
93
001010112200000201000112110212101102020012202022001201111101200112120121010012122202212022120
94
7367689549347637342426275665886992534426585258987689555277688578983254236455678965776777489493
96
687547648875488558678786655766448457845585745744454485884648757874678766744745845454476865655677
97
6466555365123153526231571553614111664376371417426111346526432414464555371411444557375111172652321
99
103012202301131214244342434232011343033111110213111433303100000423401422101110214414021330022203430
100
0123456789012345678901234567890123456789012345678901234567890123456789012345678901234567890123456789
94
5482742734724758698475353863225578386925994573298325635685363989263452964678286369452849898658
95
75858686686658758877886587555555777586775856687787778857857565567877885788678857767886786656555
99
566842565768343324675667878365383274443443325284723827545278842253844885245588238778334726285456253
5
19091
99
123152550035114251230503352231531520551004352031223422151050225141030134141423140001153431023354500
97
5556555565566656566555566666556556655555655565666656655665566556566655565655566665665666666665655
92
89856668585755575687775978676556798598878568885965589887577866657868595898998965877696965587
100
6965345612966385211349892194497866631195338554252925918231633225497289478377829695762614817197526676
100
4385787756343687564665584866583487838573887556653784473556636733644365463858576436773785543667464354
100
8888989789788798987997887779898988879899997798877897779879899778778999889978899889777889987777978977
90
587766796869778775655769685599595595555976995885887588766697995976957987679768669957596557
96
110101001011011010101001000101010101101111110101110111000011101010011001101110010110100001001010
